22 0111111147 11111

00111111111101011110010 10 [1600011101οΞ 5⁰5 11ἶοοτ0
1111 1111111011,81[111111101111111 1111110 010101
11111011,11001111οἃ(10 [011110 ’1101 1111111 1110111110
11101011 0111 101110 0111011101 1011100110
01111010101111,0 101 101 W 111οἶ111

0111111111 5³5 (1111 11 [110100011101110
-’·10[11[110111110111111·-11,01111(10111·1111111111
1101001101111011 1110010111 1,0 0 01110111Ἠο
0111101111,11011 1111111101 0111101111011111011111
1111110111100-10111111-1111111 1111101111 11101
0111111οῑ0011,1010·01110[ 0000100101
10101 011000101110101 C0555 111 11110111 555 (11110

1110101011111101111101111111 [11 ’11001 (11· 1101001101
qma 11101111 011 1 ,81011110 11010810 1011111
1111101011 1011001 0101111 11010 011111 ’1101 1011110101

00110110 110111ὒ11101111101 001 0111111 [0101101010001 010
1110111,100[010·(11[111’1011010101 1010111 0101101010
010111100111101110 101111 11 1111101· 1111110111 0010111010-
011[111·([1001111101 At 100101010101110001111111
00011101111111011,<1011110000111111 10,[10·· 1111101111
101111101100100010011111111[1101101·10[10101[11010111·

’11111 te 11011001 01010011001111011111110·010,111101111·1
[1010 s555 011111111οᾗ1 101110 11110011 111111101οὀ1 1001
‘³555' 1111111111 1001100100 1101 11 [1111οῖ1, 5g551'5115,
’ 010010 [11110111 00101110111111001 [110001110111111
1 11010100 1101111000 Ρ1111110019ῗ 1011 1011 555 10116110 11
ἲ 1· 0101101 01101180 11001010·οῑ 10000 1105 accc}
0101111101[10101111011[1101110011ωοδέ 11111 1151
[111011010100011110 11110100000001101101001

[1111011

 

